1,1000,1000\n1,1023,100
10,1300,1000\n10,1301,1000\n10,1220,100
20,1200,1000\n20,1400,1000
30,900,1000\n30,1122,100
40,1500,1000\n40,1501,1000\n40,1521,100
50,1200,1000\n50,1201,1000\n50,1001,1000\n50,1024,100
90,1400,1000\n90,1401,1000\n90,1500,1000\n90,1501,1000
60,1100,1000\n60,1101,1000\n60,1120,100
80,1020,10000
51,1000,1000\n51,1002,1000\n51,900,1000\n51,901,1000\n51,1023,100
52,1300,1000\n52,1302,1000\n52,1321,100
41,1501,1000\n41,1503,1000
100,1400,1000\n100,902,1000\n100,1420,100
11,1301,1000
110,1502,1000\n110,1122,100
70,1201,1000\n70,1202,1000\n70,1221,100\n70,1933,100
120,1505,10000
1100,12,10000
130,1102,1000\n130,1101,1000\n130,1100,1000\n130,1601,1000\n130,1900,1000\n130,1120,50
131,1303,1000\n131,1302,1000\n131,1301,1000\n131,1611,1000\n131,1322,50
21,1003,1000\n21,1402,1000
140,1503,1000\n140,1502,1000\n140,902,1000\n140,1630,1000\n140,1522,50
260,1105,1000\n260,1204,1000\n260,902,1000
830,1105,1000\n830,1510,1000\n830,803,50\n830,1121,50
261,800,1000\n261,820,1000\n261,1204,1000\n261,1205,1000\n261,1790,1000\n261,12,1000
170,800,1000\n170,820,1000
150,1401,1000\n150,1407,1000\n150,1403,1000\n150,1421,50
151,1500,1000\n151,1501,1000\n151,1502,1000\n151,1506,1000
134,1508,1000\n134,1603,50\n134,1124,50
160,10,10000\n160,1680,10000
2,1003,1000\n2,1004,1000\n2,1001,1000\n2,1024,50
61,1503,1000\n61,1102,1000
31,1202,1000\n31,1303,1000\n31,920,50
42,1503,1000\n42,1502,1000\n42,1402,1000
191,1401,1000\n191,1304,1000\n191,1025,50
190,1400,1000\n190,1408,1000
192,1407,1000\n192,1304,1000
220,1305,1000\n220,1504,1000
200,1404,1000\n200,1500,1000\n200,1501,1000\n200,1640,1000\n200,1521,50
620,1900,1000\n620,1004,1000\n620,1105,1000\n620,1760,1000\n620,1921,50
180,1201,1000\n180,1203,1000
550,1203,1000\n550,1205,1000\n550,800,1000\n550,820,1000
201,1404,1000\n201,1641,1000
500,1002,1000
661,1933,50
185,1510,1000\n185,1850,50\n185,1225,50
230,1512,10000
